0.877803
0.390575
0.055531
0.338973
0.573388
0.621699
0.990517
0.527949
0.446882
0.214724
0.742894
0.389481
0.651640
0.924289
0.976704
0.385306
0.233908
0.688046
0.729791
0.495972
0.053842
0.489418
0.297490
0.312167
0.742607
0.382057
0.455207
0.396810
0.260590
0.333676
0.558714
0.322984
0.922536
0.462004
0.407023
0.992515
0.519173
0.448923
0.398779
0.676084
0.950097
0.438249
0.786756
0.966093
0.666907
0.110937
0.481810
0.574045
0.213425
0.205880
0.527949
0.089351
0.673347
0.601539
0.664018
0.641184
0.568509
0.764474
0.751888
0.830839
0.842028
0.654531
0.453350
0.164020
0.906157
0.804079
0.605224
0.548251
0.879255
0.410963
0.192987
0.304379
0.033748
0.057056
0.877803
0.758977
0.464751
0.791195
0.192264
0.429837
0.611127
0.874876
0.400815
0.457800
0.128479
0.326594
0.855279
0.103712
0.057758
0.909896
0.881916
0.963924
0.691289
0.986718
0.548682
0.698792
0.925359
0.568800
0.257212
0.894983
0.804346
0.067258
0.311696
0.683768
0.452026
0.820941
0.551996
0.854618
0.437274
0.479015
0.351611
0.344383
0.032795
0.064951
0.510666
0.804079
0.141445
0.530223
0.776901
0.246927
0.374011
0.682808
0.614821
0.661944
0.706860
0.474124
0.842958
0.249224
0.450044
0.867549
0.120724
0.900362
0.837159
0.683398
0.952780
0.269840
0.860701
0.471349
0.780499
0.381937
0.603160
0.697322
0.584642
0.795336
0.986750
0.411465
0.996321
0.057056
0.428422
0.340139
0.642444
0.368649
0.318446
0.331540
0.051243
0.213347
0.632807
0.460734
0.827390
0.575139
0.790309
0.580690
0.752955
0.188400
0.935292
0.086208
0.568364
0.720653
0.615930
0.307167
0.573388
0.130445
0.127864
0.386634
0.894878
0.172848
0.045379
0.015586
0.053700
0.974064
0.724140
0.476634
0.359458
0.459866
0.243120
0.810724
0.792079
0.669795
0.053488
0.710080
0.398532
0.882632
0.134507
0.649563
0.126210
0.451894
0.633919
0.840536
0.096705
0.060393
0.568800
0.316961
0.394541
0.490588
0.239187
0.507168
0.808871
0.167563
0.336428
0.379961
0.699747
0.918458
0.294666
0.907346
0.873402
0.936196
0.123106
0.945317
0.908527
0.649563
0.799116
0.085810
0.428422
0.724285
0.156605
0.417770
0.674457
0.072529
0.662240
0.751888
0.977093
0.390028
0.428037
0.641184
0.102546
0.803076
0.445175
0.898360
0.257894
0.695411
0.059910
0.713075
0.025430
0.911062
0.246927
0.157489
0.071299
0.392952
0.412407
0.662907
0.665796
0.079170
0.059598
0.092867
0.761095
0.494313
0.821914
0.424961
0.741675
0.456070
0.676232
0.688046
0.030935
0.659350
0.567055
0.490450
0.925270
0.191724
0.030632
0.121408
0.279819
0.809003
0.207525
0.493139
0.734340
0.350759
0.515792
0.516566
0.816118
0.285179
0.523342
0.091522
0.080097
0.391245
0.614526
0.732609
0.990827
0.615930
0.121041
0.469325
0.150589
0.644372
0.185264
0.286162
0.076740
0.085810
0.246927
0.518257
0.147352
0.839038
0.712272
0.344159
0.006679
0.055774
0.805813
0.580032
0.321217
0.534567
0.243033
0.273866
0.024122
0.300589
0.728995
0.092365
0.646152
0.688857
0.481674
0.082135
0.423300
0.690626
0.817426
0.859041
0.326485
0.670609
0.022739
0.766440
0.416378
0.913562
0.993061
0.507168
0.449780
0.315111
0.846167
0.276542
0.216266
0.338474
0.372474
0.334995
0.430223
0.855279
0.070964
0.066509
0.871062
0.922445
0.551852
0.195973
0.641481
0.329523
0.166792
0.388450
0.998173
0.756360
0.571348
0.714024
0.967261
0.255536
0.562336
0.904761
0.681331
0.459132
0.467102
0.469729
0.017254
0.115893
0.449912
0.857076
0.243599
0.913562
0.249801
0.835650
0.246927
0.293912
0.907346
0.816445
0.310338
0.427459
0.248560
0.092365
0.682143
0.071989
0.708471
0.669647
0.751888
0.176616
0.487013
0.524262
0.199925
0.559511
0.029087
0.805214
0.609060
0.279915
0.164495
0.808539
0.357442
0.207448
0.344776
0.594989
0.042576
0.080232
0.834704
0.951871
0.326485
0.247412
0.691436
0.089519
0.797094
0.247500
0.201682
0.489556
0.547315
0.015656
0.687604
0.842710
0.379961
0.520232
0.823466
0.369295
0.913036
0.137067
0.847516
0.197738
0.704516
0.210303
0.057607
0.859160
0.659202
0.160945
0.601686
0.773288
0.992922
0.181412
0.001144
0.406462
0.582592
0.212485
0.541716
0.522705
0.000605
0.656607
0.203149
0.106363
0.400259
0.835650
0.246927
0.455472
0.308100
0.917154
0.830711
0.325783
0.795607
0.912413
0.306701
0.617704
0.481810
0.628807
0.469864
0.937943
0.086788
0.502913
0.932034
0.132383
0.272013
0.309087
0.744755
0.287739
0.824176
0.388571
0.479423
0.325298
0.712783
0.616447
0.974333
0.130497
0.572295
0.647932
0.728055
0.306960
0.056498
0.349172
0.742607
0.098421
0.494935
0.582885
0.739019
0.438379
0.511227
0.809401
0.250379
0.630066
0.473243
0.087739
0.541716
0.270784
0.792963
0.974649
0.092809
0.196927
0.588307
0.757563
0.228679
0.012774
0.245697
0.845120
0.958387
0.881916
0.060367
0.325999
0.203149
0.093818
0.372120
0.934215
0.869454
0.296075
0.285818
0.269229
0.126971
0.955010
0.246927
0.516425
0.173013
0.111435
0.290665
0.669795
0.074600
0.088440
0.018643
0.476498
0.178000
0.652604
0.415178
0.626214
0.992346
0.470472
0.550122
0.438249
0.531930
0.052510
0.941399
0.367360
0.792827
0.425921
0.400382
0.509896
0.601834
0.025905
0.139752
0.187020
0.558280
0.842152
0.952780
0.091866
0.024466
0.736502
0.301048
0.503052
0.301610
0.867433
0.868820
0.857732
0.454808
0.769801
0.706421
0.013006
0.591316
0.523483
0.576379
0.003563
0.877579
0.514596
0.784699
0.631029
0.738084
0.772662
0.104912
0.061946
0.363453
0.969768
0.378945
0.795471
0.113426
0.611940
0.743037
0.976796
0.692688
0.085110
0.220343
0.647264
0.944408
0.475344
0.879032
0.955010
0.327893
0.378170
0.221918
0.465086
0.942334
0.256034
0.209954
0.615486
0.022973
0.319616
0.513683
0.390028
0.069789
0.970410
0.972718
0.691289
0.536137
0.510596
0.186175
0.109520
0.813295
0.730731
0.022728
0.030284
0.830584
0.478130
0.987167
0.412281
0.345843
0.408084
0.169244
0.559076
0.191328
0.396380
0.903457
0.777040
0.862882
0.719562
0.782292
0.550915
0.534995
0.244559
0.324274
0.336538
0.295319
0.035483
0.404036
0.841220
0.070073
0.280109
0.856717
0.605224
0.487151
0.737149
0.300946
0.219981
0.881916
0.513823
0.508216
0.462874
0.232644
0.833314
0.830011
0.550122
0.747399
0.307167
0.168726
0.631696
0.705469
0.990827
0.197738
0.774610
0.422025
0.759896
0.327893
0.546237
0.162790
0.032424
0.102377
0.035243
0.113126
0.188933
0.937336
0.230843
0.251270
0.184495
0.996216
0.968350
0.466094
0.742750
0.881916
0.670609
0.757280
0.449055
0.127813
0.171071
0.910432
0.311487
0.736358
0.303608
0.141027
0.326594
0.280836
0.813427
0.449648
0.888293
0.106037
0.604413
0.308983
0.246751
0.350872
0.327405
0.721308
0.765668
0.185544
0.100994
0.073715
0.708471
0.500201
0.499854
0.413539
0.707226
0.911062
0.281370
0.006176
0.041152
0.297743
0.648080
0.140222
0.755580
0.110733
0.101998
0.558569
0.648599
0.630881
0.150383
0.525466
0.547603
0.708471
0.654531
0.342424
0.037402
0.534567
0.683251
0.727910
0.479423
0.871806
0.759896
0.270548
0.390150
0.735133
0.525608
0.882522
0.227396
0.454941
0.076838
0.542003
0.292260
0.100144
0.065811
0.337975
0.135607
0.135553
0.041171
0.263770
0.108562
0.577036
0.080726
0.685981
0.364966
0.019550
0.909262
0.245040
0.252701
0.952257
0.074267
0.434161
0.928215
0.296328
0.122414
0.021692
0.419291
0.729936
0.118001
0.413539
0.848556
0.380858
0.491483
0.243599
0.040557
0.078952
0.867433
0.273247
0.416125
0.038549
0.651936
0.221028
0.741818
0.543078
0.394541
0.063535
0.129045
0.195351
0.190002
0.429965
0.487906
0.692393
0.650824
0.783943
0.312954
0.717815
0.284542
0.870432
0.487151
0.838913
0.183590
0.870317
0.601244
0.088144
0.906257
0.126488
0.896912
0.270548
0.886184
0.871806
0.188329
0.978784
0.554810
0.376860
0.889581
0.025947
0.370941
0.959160
0.919568
0.949232
0.805680
0.423555
0.913562
0.531788
0.593079
0.389907
0.005383
0.958322
0.382297
0.729936
0.419418
0.575285
0.540928
0.653567
0.277503
0.906802
0.784218
0.550915
0.635550
0.865923
0.422726
0.000027
0.281905
0.791807
0.637625
0.013881
0.648080
0.634438
0.979387
0.038906
0.780499
0.062269
0.096006
0.879533
0.447014
0.784973
0.277503
0.965776
0.124125
0.133521
0.570256
0.011885
0.416125
0.970410
0.309191
0.867317
0.458266
0.349285
0.713075
0.709422
0.671571
0.276447
0.212485
0.583983
0.094719
0.426754
0.744612
0.963204
0.961492
0.308308
0.896912
0.865398
0.519314
0.709568
0.361944
0.106975
0.798982
0.414736
0.735277
0.312377
0.055774
0.588307
0.484477
0.170580
0.217459
0.390940
0.489831
0.254949
0.752670
0.117334
0.598373
0.200074
0.358939
0.089034
0.827518
0.503819
0.093235
0.814019
0.436559
0.949629
0.661425
0.002804
0.562046
0.020174
0.176414
0.385185
0.997052
0.336207
0.247500
0.203564
0.814872
0.274772
0.282002
0.361191
0.607289
0.825850
0.028433
0.766300
0.827647
0.481810
0.996906
0.219539
0.682143
0.524687
0.510176
0.863644
0.540141
0.898154
0.870432
0.596754
0.994691
0.144231
0.212250
0.217379
0.418467
0.815135
0.845921
0.257212
0.634883
0.380738
0.425217
0.629770
0.448462
0.702096
0.245215
0.865398
0.294213
0.165736
0.522705
0.559076
0.665944
0.845490
0.879755
0.918458
0.183660
0.795471
0.989999
0.472228
0.323199
0.008274
0.560307
0.420117
0.009083
0.996812
0.922355
0.977881
0.421070
0.591169
0.353719
0.453350
0.681996
0.668536
0.477518
0.140056
0.160075
0.654531
0.526388
0.718762
0.282002
0.404719
0.670905
0.894983
0.314426
0.079472
0.192987
0.832490
0.115635
0.559221
0.821655
0.509126
0.086679
0.694013
0.767492
0.024144
0.871920
0.462606
0.745542
0.806413
0.142706
0.522988
0.922445
0.966208
0.455804
0.108896
0.379722
0.182827
0.240867
0.574482
0.477246
0.711176
0.237517
0.393869
0.312010
0.933129
0.610168
0.239187
0.321913
0.505911
0.245215
0.233739
0.815856
0.545447
0.963475
0.988720
0.664018
0.543868
0.569455
0.231721
0.332853
0.515370
0.928302
0.013624
0.837536
0.356351
0.108230
0.607289
0.286260
0.982438
0.333676
0.323898
0.651640
0.270642
0.424258
0.700701
0.489831
0.295319
0.128428
0.346237
0.043810
0.030346
0.391488
0.796215
0.584349
0.046668
0.050370
0.991452
0.256441
0.750963
0.026511
0.008290
0.305152
0.802206
0.234542
0.759119
0.525183
0.418340
0.759896
0.319723
0.960807
0.871806
0.435846
0.851478
0.006471
0.911256
0.465624
0.145856
0.458399
0.383378
0.006582
0.432738
0.358824
0.766300
0.917154
0.851478
0.759260
0.451629
0.965457
0.056043
0.622513
0.735421
0.845921
0.455937
0.325190
0.233739
0.456203
0.348436
0.063921
0.943912
0.429515
0.167982
0.330340
0.261187
0.418593
0.382717
0.275536
0.684210
0.428037
0.572732
0.760178
0.296328
0.115635
0.099526
0.153917
0.241905
0.878306
0.459399
0.340139
0.161163
0.992781
0.575285
0.492242
0.874027
0.202433
0.369706
0.513964
0.721453
0.260269
0.817556
0.279915
0.352237
0.853836
0.551059
0.946366
0.366133
0.973371
0.923032
0.805813
0.136308
0.217738
0.829883
0.644076
0.817426
0.210381
0.694013
0.774471
0.786893
0.298402
0.905610
0.778079
0.302480
0.236877
0.019222
0.892932
0.950419
0.760178
0.922037
0.850689
0.698131
0.124075
0.123552
0.738875
0.974382
0.278949
0.733547
0.685170
0.708178
0.325190
0.980396
0.375968
0.628807
0.830711
0.490588
0.918551
0.916545
0.494174
0.876118
0.032557
0.104955
0.994574
0.572295
0.581348
0.684875
0.732465
0.156028
0.954125
0.053312
0.990147
0.824176
0.830711
0.292360
0.719562
0.717524
0.064895
0.865165
0.748042
0.215909
0.684875
0.797094
0.345225
0.431512
0.689815
0.964311
0.578936
0.330122
0.665944
0.834136
0.334390
0.649044
0.544801
0.652604
0.439942
0.103606
0.975274
0.596607
0.846167
0.631400
0.797094
0.657274
0.353605
0.959224
0.519949
0.735565
0.398409
0.262061
0.528375
0.462606
0.712126
0.141557
0.727113
0.439942
0.575430
0.938386
0.064253
0.478266
0.266279
0.856179
0.198292
0.950490
0.075897
0.174307
0.038194
0.980396
0.593225
0.942334
0.715118
0.814019
0.382417
0.605371
0.694307
0.597048
0.265394
0.077198
0.957900
0.504097
0.685686
0.090327
0.114421
0.977926
0.880976
0.049390
0.637329
0.492380
0.199590
0.733403
0.503958
0.351611
0.703856
0.392403
0.293712
0.246268
0.100413
0.535209
0.920762
0.887592
0.754659
0.333786
0.242469
0.252030
0.522210
0.607142
0.751604
0.568000
0.006083
0.196229
0.435846
0.772522
0.410524
0.635846
0.144061
0.171005
0.842958
0.142903
0.215316
0.371589
0.282636
0.569892
0.809268
0.745542
0.066181
0.138376
0.259582
0.222607
0.467977
0.003440
0.701949
0.551996
0.111640
0.239101
0.871920
0.536423
0.929256
0.151534
0.713075
0.054830
0.038194
0.721744
0.138541
0.346350
0.295521
0.256622
0.152751
0.887484
0.091522
0.025366
0.024613
0.107943
0.452621
0.350645
0.984574
0.053488
0.296530
0.344888
0.218337
0.485093
0.947257
0.429708
0.150383
0.254859
0.595945
0.591169
0.718470
0.411591
0.083304
0.049411
0.707373
0.762152
0.716868
0.452621
0.226160
0.481674
0.566765
0.365608
0.795336
0.232476
0.879755
0.078369
0.775097
0.019381
0.017043
0.673347
0.302685
0.700555
0.604266
0.597048
0.560597
0.211314
0.629621
0.385185
0.814413
0.664018
0.770848
0.577182
0.952780
0.305719
0.906703
0.721453
0.331649
0.472093
0.493001
0.487631
0.860583
0.052131
0.962016
0.558425
0.342816
0.089557
0.320896
0.809136
0.986539
0.721744
0.511227
0.956684
0.995751
0.494935
0.349398
0.315797
0.830966
0.877466
0.379602
0.022298
0.799856
0.764474
0.888077
0.219619
0.722107
0.222242
0.577328
0.892456
0.671867
0.008317
0.301508
0.227479
0.434873
0.211743
0.946366
0.472837
0.511998
0.458532
0.319616
0.422599
0.460734
0.441900
0.354576
0.587207
0.540141
0.899030
0.550122
0.304482
0.241256
0.816968
0.974333
0.525466
0.005488
0.092519
0.806546
0.718616
0.906157
0.651936
0.968708
0.032203
0.800596
0.167692
0.875611
0.342201
0.853715
0.610832
0.998914
0.306856
0.361713
0.792963
0.135607
0.055095
0.833441
0.943760
0.702609
0.004781
0.795471
0.115027
0.988909
0.843392
0.909262
0.662907
0.986539
0.033110
0.944825
0.364617
0.974963
0.928215
0.391367
0.596754
0.513051
0.096705
0.430223
0.889688
0.786756
0.838913
0.647784
0.669647
0.369647
0.726026
0.070737
0.868936
0.588454
0.723342
0.099443
0.829181
0.348436
0.511858
0.961088
0.288927
0.869685
0.752955
0.776277
0.895558
0.123552
0.260957
0.937417
0.103372
0.999592
0.937336
0.115682
0.283075
0.813164
0.250869
0.361423
0.578424
0.063357
0.361828
0.311801
0.915415
0.430223
0.378170
0.821201
0.831665
0.488662
0.311121
0.934755
0.662759
0.537351
0.204397
0.446619
0.633623
0.756218
0.491483
0.568655
0.061106
0.909799
0.547747
0.480037
0.020508
0.600581
0.834136
0.539998
0.418593
0.854618
0.810592
0.836594
0.033110
0.488524
0.531788
0.567710
0.012981
0.015870
0.254769
0.150589
0.554521
0.809268
0.740886
0.122144
0.071989
0.944901
0.808406
0.678449
0.790309
0.739019
0.762645
0.891555
0.015435
0.639405
0.765247
0.502913
0.288184
0.511718
0.510946
0.701802
0.045887
0.620589
0.067679
0.200634
0.386634
0.857494
0.965136
0.679410
0.040104
0.597858
0.117834
0.548538
0.912413
0.089725
0.728995
0.001991
0.379064
0.890170
0.000686
0.837285
0.578789
0.860050
0.282733
0.214290
0.732898
0.317279
0.178000
0.367243
0.581787
0.784836
0.308412
0.077988
0.956185
0.140277
0.371353
0.979344
0.389907
0.380858
0.771128
0.421643
0.390028
0.771616
0.366366
0.664018
0.748042
0.836594
0.245960
0.969768
0.499715
0.500965
0.506818
0.509405
0.522847
0.023442
0.857851
0.336649
0.995548
0.695411
0.565675
0.961212
0.823595
0.385607
0.537494
0.947663
0.567055
0.248472
0.907445
0.540928
0.195022
0.322395
0.283172
0.714170
0.728199
0.701949
0.861233
0.085702
0.103011
0.459399
0.050026
0.154909
0.587354
0.983181
0.493898
0.412407
0.824305
0.963924
0.728995
0.423172
0.591977
0.489693
0.450044
0.186703
0.526388
0.562191
0.804079
0.667574
0.163894
0.118886
0.434032
0.559076
0.830138
0.457533
0.972388
0.526388
0.648748
0.237816
0.390454
0.138322
0.825271
0.852145
0.329196
0.415178
0.296732
0.650824
0.364093
0.521786
0.663055
0.625104
0.982936
0.295118
0.245960
0.562989
0.205385
0.652752
0.559221
0.544226
0.388571
0.941907
0.291511
0.514315
0.589407
0.979301
0.310338
0.589261
0.871177
0.752955
0.428294
0.314531
0.542792
0.419545
0.600581
0.256124
0.923123
0.627547
0.174640
0.375196
0.757422
0.507168
0.401185
0.702609
0.302173
0.472364
0.756502
0.374011
0.695116
0.618518
0.189324
0.683768
0.136362
0.981153
0.740599
0.034862
0.075190
0.580398
0.673347
0.291511
0.966266
0.618518
0.128197
0.655347
0.156544
0.646968
0.285081
0.187621
0.185264
0.559221
0.867433
0.174640
0.468583
0.878306
0.909360
0.288828
0.324974
0.319829
0.372120
0.592271
0.755439
0.789559
0.070480
0.611644
0.113472
0.394297
0.141557
0.295118
0.542290
0.629251
0.907346
0.679262
0.546668
0.321913
0.259400
0.786756
0.434161
0.540141
0.203980
0.153857
0.352465
0.210109
0.769801
0.150707
0.525325
0.443470
0.715775
0.233739
0.892932
0.012762
0.663722
0.904110
0.645856
0.828479
0.306184
0.419990
0.228140
0.071498
0.904761
0.774054
0.851478
0.072995
0.406586
0.118622
0.027564
0.556544
0.774610
0.272962
0.492242
0.667722
0.358305
0.896444
0.319829
0.307737
0.205042
0.288382
0.061159
0.479764
0.824434
0.192589
0.812571
0.167080
0.027104
0.834957
0.727765
0.175810
0.811450
0.785865
0.195497
0.455937
0.837034
0.778979
0.419418
0.567855
0.438119
0.429258
0.394541
0.728199
0.104161
0.101412
0.164368
0.805813
0.542290
0.451894
0.403477
0.394664
0.712126
0.329414
0.348267
0.884059
0.897792
0.859279
0.038679
0.825850
0.952327
0.278756
0.873402
0.886076
0.964636
0.908527
0.918365
0.041513
0.708178
0.669943
0.497634
0.333895
0.118622
0.853051
0.000433
0.875611
0.732609
0.056412
0.592124
0.025851
0.771616
0.207372
0.755580
0.227768
0.268337
0.731815
0.009125
0.743252
0.605224
0.963535
0.450902
0.833314
0.311487
0.262891
0.300844
0.370706
0.879032
0.653864
0.724431
0.495557
0.960462
0.118455
0.820357
0.553222
0.461603
0.599771
0.741818
0.525608
0.446028
0.788671
0.151800
0.685539
0.857851
0.168467
0.429965
0.592417
0.711980
0.606035
0.476362
0.580032
0.615486
0.796351
0.207525
0.021410
0.918968
0.957179
0.319031
0.608248
0.544370
0.503958
0.132885
0.118670
0.046132
0.177492
0.766300
0.822367
0.740742
0.678597
0.061504
0.923032
0.964695
0.276351
0.229551
0.923527
0.554955
0.555894
0.644224
0.321913
0.336649
0.640220
0.735133
0.624437
0.219539
0.279383
0.436430
0.632807
0.415999
0.978500
0.557484
0.658238
0.527310
0.416378
0.461135
0.810856
0.249712
0.801602
0.110643
0.040812
0.741962
0.030478
0.517341
0.829883
0.208371
0.161163
0.382057
0.561249
0.849776
0.662907
0.302275
0.812571
0.582885
0.655347
0.906058
0.583544
0.045602
0.314321
0.044708
0.799116
0.388996
0.797229
0.224031
0.335821
0.327297
0.270878
0.758977
0.669499
0.207525
0.277070
0.956185
0.234923
0.943912
0.519808
0.606035
0.859398
0.335711
0.961955
0.799856
0.754659
0.486259
0.562336
0.835776
0.817687
0.560162
0.849228
0.557918
0.210381
0.520867
0.038436
0.876961
0.798106
0.888777
0.222161
0.396810
0.767351
0.040258
0.884059
0.367653
0.042719
0.462606
0.963144
0.150531
0.894301
0.702756
0.839038
0.690626
0.873800
0.742607
0.628436
0.904210
0.101495
0.286999
0.924780
0.846965
0.121506
0.742750
0.977926
0.295219
0.058289
0.342927
0.214448
0.687751
0.616447
0.671571
0.876961
0.521786
0.335711
0.533925
0.901585
0.180966
0.289571
0.254363
0.929816
0.527452
0.830138
0.311121
0.192517
0.985483
0.660017
0.796215
0.669499
0.171202
0.054902
0.341364
0.271162
0.960052
0.081273
0.870432
0.275393
0.260774
0.583251
0.473988
0.503052
0.002949
0.055592
0.528375
0.431061
0.538138
0.147208
0.126869
0.263492
0.997620
0.942837
0.420244
0.560162
0.025929
0.728706
0.150972
0.401866
0.585741
0.793099
0.376741
0.659053
0.801468
0.321805
0.945392
0.199665
0.899595
0.409710
0.172287
0.849776
0.402052
0.057007
0.373538
0.868070
0.444912
0.410399
0.569892
0.429258
0.571348
0.346687
0.250958
0.892826
0.727258
0.609208
0.308100
0.965834
0.428551
0.090705
0.379184
0.797229
0.266605
0.639553
0.497634
0.676232
0.219981
0.409146
0.569310
0.736358
0.637180
0.915934
0.030138
0.760037
0.095886
0.591977
0.171202
0.714827
0.097570
0.013379
0.911787
0.301150
0.108896
0.644892
0.510946
0.725519
0.049894
0.728995
0.480787
0.347815
0.346687
0.762927
0.659350
0.149445
0.866562
0.133282
0.831538
0.184495
0.167113
0.315217
0.719708
0.770709
0.719271
0.119031
0.936278
0.155301
0.497496
0.635253
0.689668
0.515370
0.606035
0.006657
0.769032
0.530863
0.488662
0.311906
0.681848
0.706421
0.420943
0.682291
0.620441
0.800730
0.824305
0.680371
0.327893
0.007302
0.704516
0.604266
0.502287
0.000563
0.917854
0.523766
0.334665
0.502913
0.287542
0.734629
0.121090
0.262476
0.286900
0.173079
0.291511
0.984609
0.431641
0.234753
0.797364
0.735421
0.876231
0.746328
0.887376
0.591977
