0.000000
0.000000
0.000000
0.000000
0.000000
0.000000
0.000000
0.000000
0.000000
0.000000
0.000000
0.000000
0.000000
0.000000
0.000000
0.000000
0.000000
0.000000
0.000000
0.000000
0.000000
0.000000
0.000000
0.000000
0.000000
0.000000
0.000000
0.000000
0.000000
0.000000
0.000000
0.000000
0.000000
0.000000
0.000000
0.000000
0.000000
0.000000
0.000000
0.000000
0.000000
0.000000
0.000000
0.000000
0.000000
0.000000
0.000000
0.000000
0.000000
0.000000
0.000000
0.000000
0.000000
0.000000
0.000000
0.000000
0.000000
0.000000
0.000000
0.000000
0.000000
0.000000
0.000000
0.000000
0.000000
0.000000
0.000000
0.000000
0.000000
0.000000
0.000000
0.000000
0.269851
0.782996
0.761890
0.283381
0.831662
0.568431
0.019742
0.317512
0.000000
0.000000
0.000000
0.000000
0.000000
0.000000
0.000000
0.000000
0.826788
0.909290
0.885111
0.638709
0.877792
0.179185
0.610950
0.885147
0.000000
0.000000
0.000000
0.000000
0.000000
0.000000
0.000000
0.000000
0.000000
0.000000
0.000000
0.000000
0.000000
0.000000
0.000000
0.000000
0.316725
0.194259
0.541047
0.262992
0.041535
0.945336
0.683037
0.790571
0.000802
0.732827
0.474146
0.154136
0.279087
0.856769
0.793118
0.865737
0.000000
0.000000
0.000000
0.000000
0.000000
0.000000
0.000000
0.000000
0.477945
0.115821
0.104033
0.481661
0.497563
0.335166
0.100681
0.022880
0.775481
0.643883
0.319411
0.635465
0.868244
0.513512
0.200691
0.012755
0.000000
0.000000
0.000000
0.000000
0.000000
0.000000
0.000000
0.000000
