0.000000
0.000000
0.000000
0.000000
0.000000
0.000000
0.000000
0.000000
0.000000
0.000000
0.000000
0.000000
0.000000
0.000000
0.000000
0.000000
0.000000
0.000000
0.000000
0.000000
0.000000
0.000000
0.000000
0.000000
0.000000
0.000000
0.000000
0.000000
0.000000
0.000000
0.000000
0.000000
0.000000
0.000000
0.000000
0.000000
0.000000
0.000000
0.000000
0.000000
0.000000
0.000000
0.000000
0.000000
0.000000
0.000000
0.000000
0.000000
0.000000
0.000000
0.000000
0.000000
0.000000
0.000000
0.000000
0.000000
0.000000
0.000000
0.000000
0.000000
0.000000
0.000000
0.000000
0.000000
0.000000
0.000000
0.000000
0.000000
0.000000
0.000000
0.000000
0.000000
0.000000
0.000000
0.000000
0.000000
0.000000
0.000000
0.000000
0.000000
0.000000
0.000000
0.000000
0.000000
0.000000
0.000000
0.000000
0.000000
0.000000
0.000000
0.000000
0.000000
0.000000
0.000000
0.000000
0.000000
0.000000
0.000000
0.000000
0.000000
0.000000
0.000000
0.000000
0.000000
0.000000
0.000000
0.000000
0.000000
0.000000
0.000000
0.000000
0.000000
0.000000
0.000000
0.000000
0.000000
0.000000
0.000000
0.000000
0.000000
0.000000
0.000000
0.000000
0.000000
0.000000
0.000000
0.000000
0.000000
0.000000
0.000000
0.000000
0.000000
0.000000
0.000000
0.002986
0.000000
0.026373
0.000000
0.000000
0.000000
0.000000
0.000000
0.000000
0.000000
0.000000
0.000000
0.000000
0.000000
0.000000
0.000000
0.000000
0.000000
0.000000
0.000000
0.000000
0.000005
0.000000
0.000000
0.000000
0.000000
0.000000
0.000000
0.000000
0.000000
0.000000
0.000000
0.000000
0.000000
0.000000
0.000000
0.000000
0.000000
0.000000
0.000000
0.000000
0.000000
0.000000
0.000000
0.000000
0.000000
0.000000
0.000265
0.000000
0.000000
0.000000
0.000000
0.000000
0.000000
0.000000
0.000000
0.000000
0.000000
0.000000
0.000000
0.000000
0.000202
0.000000
0.000000
0.000000
0.000000
0.000007
0.000000
0.000000
0.000000
0.000000
0.000000
0.000000
0.000000
0.000000
0.000000
0.000000
0.000000
0.000000
0.000000
0.000000
0.000000
0.000222
0.000000
0.000000
0.000000
0.000000
0.000000
0.000000
0.000000
0.000005
0.000000
0.000000
0.000000
0.000000
0.000000
0.000000
0.000000
0.000000
0.000000
0.000000
0.000000
0.000000
0.000000
0.000118
0.000000
0.000000
0.000000
0.000000
0.000000
0.000000
0.000000
0.000000
0.000000
0.000000
0.000000
0.000002
0.000000
0.000000
0.000000
0.000003
0.000000
0.000000
0.000000
0.000000
0.000000
0.000000
0.000000
0.000000
0.000000
0.000000
0.000000
0.000000
0.000000
0.000000
0.000000
0.000000
0.000000
0.000000
0.000000
0.000000
0.000000
0.000000
0.000000
0.000024
0.000000
0.000000
0.000000
0.000106
0.000000
0.000017
0.000000
0.000000
0.000000
0.000000
0.000000
0.000000
0.000000
0.000000
0.000000
0.000000
0.000000
0.000000
0.000000
0.000000
0.000000
0.000000
0.000000
0.000000
0.000000
0.000000
0.000000
0.000000
0.000000
0.000000
0.000000
0.000000
0.000000
0.000000
0.000000
0.000000
0.000000
0.000000
0.000000
0.000000
0.000000
0.000000
0.000000
0.000000
0.000000
0.000000
0.000000
0.000000
0.000000
0.000000
0.000000
0.000000
0.000000
0.000000
0.000000
0.000000
0.000000
0.000000
0.000000
0.000000
0.000000
0.000000
0.000000
0.000000
0.000000
0.000000
0.000000
0.000000
0.000000
0.000000
0.000000
0.000000
0.000000
0.000000
0.000000
0.000000
0.000000
0.000000
0.000000
0.000000
0.000000
0.000000
0.000000
0.000000
0.000000
0.000000
0.000000
0.000000
0.000000
0.000000
0.000000
0.000000
0.000000
0.000000
0.000000
0.000000
0.000000
0.000000
0.000000
0.000000
0.000000
0.000000
0.000000
0.000000
0.000000
0.000000
0.000000
0.000000
0.000000
0.000000
0.000000
0.000000
0.000000
0.000000
0.000000
0.000000
0.000000
0.000000
0.000000
0.000000
0.000000
0.000000
0.000000
0.000000
0.000000
0.000000
0.000000
0.000000
0.000000
0.000000
0.000000
0.000000
0.000000
0.000000
0.000000
0.000000
0.000000
0.000000
0.000000
0.000000
0.000000
0.000000
0.000000
0.000000
0.000000
0.000000
0.000000
0.000000
0.000000
0.000000
0.000000
0.000000
0.000000
0.000000
0.000000
0.000000
0.000000
0.000000
0.000000
0.000000
0.000000
0.000000
0.000000
0.000000
0.000000
0.000000
0.000000
0.000000
0.000000
0.000000
0.000000
0.000000
0.000000
0.000000
0.000000
0.000000
0.000000
0.000000
0.000000
0.000000
0.000000
0.000000
0.000000
0.000000
0.000000
0.000000
0.000000
0.000000
0.000000
0.000000
0.000000
0.000000
0.000000
0.000000
0.000000
0.000000
0.000000
0.000000
0.000000
0.000000
0.000000
0.000000
0.000000
0.000000
0.000000
0.000000
0.000000
0.000000
0.000000
0.000000
0.000000
0.000000
0.000000
0.000000
0.000000
0.000000
0.000000
0.000000
0.000000
0.000000
0.000000
0.000000
0.000000
0.000000
0.000000
0.000000
0.000000
0.000000
0.000000
0.000000
0.000000
0.000000
0.000000
0.000000
0.000000
0.000000
0.000000
0.000000
0.000000
0.000000
0.000000
0.000000
0.000000
0.000000
0.000000
0.000000
0.000000
0.000000
0.000000
0.000000
0.000000
0.000000
0.000000
0.000000
0.000000
0.000000
0.000000
0.000000
0.000000
0.000000
0.000000
0.000000
0.000000
0.000000
0.000000
0.000000
0.000000
0.000000
0.000000
0.000000
0.000000
0.000000
0.000000
0.000000
0.000000
0.000000
0.000000
0.000000
0.000000
0.000000
0.000000
0.000000
0.000000
0.000000
0.000000
0.000000
0.000000
0.000000
0.000000
0.000000
0.000000
0.000000
0.000000
0.000000
0.000000
0.000000
0.000000
0.000000
0.000000
0.000000
0.000000
0.000000
0.000000
0.000000
0.000000
0.000000
0.000000
0.000000
0.000000
0.000000
0.000000
0.000000
0.000000
0.000000
0.000000
0.000000
0.000000
0.000000
0.000000
0.000000
0.000000
0.000000
0.000000
0.000000
0.000000
0.000000
0.000000
0.001415
0.000000
0.000000
0.053096
0.000112
0.000000
0.000000
0.097507
0.000000
0.000000
0.000000
0.000065
0.000000
0.000000
0.000000
0.000000
0.000000
0.000000
0.000000
0.000000
0.297231
0.000348
0.000000
0.000000
0.000000
0.000000
0.000024
0.000000
0.000233
0.000000
0.000000
0.000000
0.000006
0.000547
0.000862
0.000000
0.016005
0.000000
0.000000
0.141425
0.000000
0.000000
0.000000
0.845286
0.000000
0.015620
0.000000
0.110988
0.000000
0.627820
0.000000
0.000000
0.000000
0.000000
0.000000
0.000000
0.092367
0.004324
0.314746
0.000000
0.000000
0.000000
0.000000
0.000000
0.000000
0.000000
0.000000
0.000000
0.000000
0.003970
0.000000
0.000000
0.000000
0.000002
0.000000
0.000000
0.000000
0.000000
0.000000
0.000000
0.000000
0.000003
0.000000
0.000000
0.646677
0.000000
0.000000
0.000000
0.000000
0.959361
0.000000
0.000000
0.000000
0.000000
0.000000
0.000000
0.000000
0.000000
0.000000
0.000000
0.000000
0.000000
0.000002
0.092922
0.000000
0.000000
0.139781
0.192975
0.000000
0.000000
0.000000
0.000000
0.000000
0.058746
0.000000
0.000000
0.000000
0.667669
0.000000
0.000000
0.912089
0.000000
0.000000
0.000000
0.000000
0.077913
0.000000
0.000000
0.239681
0.000000
0.000000
0.000000
0.000000
0.000000
0.000000
0.000000
0.000000
0.499263
0.690956
0.000000
0.568879
0.090718
0.001603
0.555538
0.000004
0.000000
0.064538
0.000000
0.000000
0.118323
0.000000
0.007129
0.190843
0.010131
0.006990
0.000000
0.000000
0.094859
0.000000
0.002600
0.631613
0.476300
0.000000
0.000000
0.000000
0.000000
0.000000
0.496268
0.141693
0.000824
0.003290
0.305486
0.000000
0.000063
0.000333
0.000000
0.000000
0.135765
0.228599
0.001483
0.001420
0.043449
0.299178
0.006638
0.001067
0.125954
0.367248
0.768855
0.000014
0.000000
0.667076
0.000017
0.000040
0.001565
0.000000
0.002608
0.002303
0.000094
0.000095
0.000000
0.000000
0.029811
0.000000
0.000021
0.000194
0.000000
0.000040
0.000000
0.000000
0.000000
0.273441
0.026647
0.388309
0.007328
0.000000
0.121302
0.000000
0.000361
0.000086
0.305486
0.000008
0.000000
0.000000
0.000000
0.582657
0.000056
0.798327
0.000000
0.019232
0.000000
0.000000
0.000000
0.000000
0.016668
0.000001
0.000019
0.000000
0.008400
0.043979
0.036500
0.445941
0.001827
0.000000
0.124107
0.126521
0.000000
0.000000
0.000000
0.059570
0.000105
0.002818
0.038447
0.000000
0.000000
0.001941
0.000002
0.000000
0.037856
0.088501
0.000010
0.000000
0.000621
0.000000
0.000000
0.000000
0.000001
0.000000
0.000000
0.342898
0.000004
0.052947
0.000000
0.000000
0.000016
0.003772
0.029582
0.000000
0.000000
0.077702
0.605466
0.035936
0.000000
0.000000
0.000000
0.000000
0.000000
0.523942
0.000000
0.000037
0.006993
0.000000
0.003933
0.001572
0.000000
0.000000
0.000000
0.000000
0.000011
0.000000
0.047290
0.000000
0.329571
0.000000
0.000052
0.000000
0.004220
0.000000
0.000000
0.000907
0.000040
0.000851
0.000000
0.000000
0.000000
0.000000
0.000001
0.060468
0.000001
0.010712
0.318727
0.000000
0.000137
0.000669
0.000000
0.000000
0.000031
0.000000
0.000000
0.000005
0.000004
0.003968
0.000638
0.000000
0.000000
0.011191
0.166371
0.000000
0.000001
0.000011
0.023589
0.000000
0.010535
0.000000
0.169832
0.000041
0.000058
0.000000
0.000041
0.297555
0.000000
0.000000
0.000342
0.081557
0.000000
0.000466
0.000000
0.000000
0.000018
0.296988
0.022525
0.023241
0.002112
0.000000
0.000000
0.000000
0.000003
0.000014
0.000000
0.000020
0.000000
0.000000
0.000000
0.382902
0.000000
0.006643
0.000000
0.000232
0.000000
0.000000
0.000000
0.036592
0.057130
0.000000
0.000014
0.000000
0.408401
0.041728
0.000035
0.895290
0.000005
0.000000
0.009874
0.000000
0.000000
0.029833
0.000000
0.001233
0.077887
0.000000
0.037098
0.000000
0.000000
0.000012
0.113732
0.000000
0.000000
0.000005
0.000149
0.000000
0.000030
0.000000
0.000000
0.000000
0.000002
0.000000
0.000000
0.000009
0.428684
0.181291
0.000000
0.000000
0.016349
0.010917
0.017077
0.000010
0.000005
0.724204
0.000001
0.000000
0.000000
0.000000
0.262498
0.969419
0.000000
0.000000
0.000000
0.009817
0.000000
0.000000
0.000000
0.000000
0.000000
0.001118
0.000000
0.984256
0.000000
0.000779
0.000000
0.000000
0.000000
0.012850
0.236191
0.000000
0.000000
0.000000
0.000501
0.000057
0.000009
0.000000
0.000000
0.000000
0.000009
0.003840
0.000000
0.012601
0.001681
0.000000
0.383576
0.005376
0.000001
0.000000
0.000000
0.000013
0.000000
0.062864
0.652728
0.021155
0.000000
0.000050
0.000000
0.000215
0.000000
0.000000
0.000000
0.000000
0.000000
0.000000
0.000000
0.000000
0.000000
0.000000
0.000000
0.000000
0.004581
0.014883
0.000000
0.002150
0.000000
0.000000
0.000000
0.000141
0.995011
0.000000
0.000000
0.000000
0.000000
0.000271
0.461956
0.000000
0.005400
0.000010
0.000000
0.000000
0.001912
0.062408
0.000000
0.000000
0.000000
0.000000
0.016225
0.411407
0.000000
0.000000
0.033445
0.000000
0.000634
0.011931
0.000000
0.000126
0.000000
0.000000
0.000004
0.000000
0.781966
0.000001
0.000146
0.000000
0.000000
0.000004
0.000004
0.000000
0.000000
0.000388
0.004186
0.000000
0.000000
0.000000
0.000000
0.000000
0.002121
0.000000
0.000000
0.000505
0.000000
0.000000
0.000000
0.169104
0.000000
0.000000
0.000000
0.000000
0.000000
0.002138
0.000000
0.081282
0.000000
0.000000
0.000213
0.000000
0.000000
0.000000
0.000000
0.000001
0.000000
0.000029
0.000000
0.000000
0.000000
0.000000
0.000138
0.005752
0.000000
0.000000
0.000000
0.000076
0.000000
0.000000
0.000000
0.000000
0.000000
0.000000
0.001448
0.013900
0.000000
0.000000
0.000021
0.000000
0.000000
0.000044
0.214940
0.000000
0.038935
0.000000
0.000000
0.915522
0.136543
0.000000
0.000000
0.000000
0.048787
0.000000
0.000000
0.028463
0.000000
0.000000
0.004692
0.000000
0.000000
0.000000
0.000000
0.000000
0.000000
0.099857
0.012605
0.000000
0.000000
0.000000
0.000000
0.000334
0.000000
0.000000
0.005423
0.000297
0.000000
0.000000
0.000000
0.004929
0.000000
0.000000
0.000000
0.061314
0.000000
0.000633
0.000000
0.140401
0.000000
0.000000
0.008429
0.248900
0.037018
0.000000
0.040549
0.000000
0.332102
0.000310
0.002731
0.000000
0.000000
0.000089
0.000000
0.000000
0.000000
0.005266
0.000000
0.050685
0.000000
0.000000
0.000000
0.000597
0.000000
0.000000
0.000000
0.104192
0.000000
0.002408
0.000000
0.000006
0.369311
0.000000
0.000000
0.000000
0.001756
0.000000
0.000000
0.000000
0.000000
0.000000
0.000000
0.000000
0.000000
0.000000
0.000000
0.000000
0.000000
0.000000
0.000000
0.000000
0.000000
0.000000
0.000000
0.000000
0.000000
0.000006
0.000000
0.000000
0.000000
0.000000
0.000199
0.000000
0.000000
0.008782
0.000000
0.000000
0.000001
0.148305
0.000000
0.000000
0.031470
0.000000
0.000000
0.370063
0.000000
0.000000
0.000000
0.000000
0.040549
0.000000
0.000006
0.000967
0.998051
0.169832
0.017595
0.650593
0.634222
0.049430
0.006338
0.105328
0.007112
0.003554
0.031081
0.527231
0.083056
0.163928
0.091021
0.000000
0.946994
0.588166
0.462598
0.013783
0.013139
0.136977
0.118131
0.480656
0.897123
0.142006
0.435604
0.933618
0.337205
0.826254
0.029398
0.000007
0.007559
0.942384
0.951112
0.872359
0.897703
0.598511
0.002864
0.092953
0.000151
0.000000
0.000034
0.413419
0.306560
0.086535
0.446467
0.988125
0.538058
0.808916
0.087557
0.988695
0.125914
0.810716
0.681514
0.041120
0.603343
0.475974
0.138856
0.670867
0.884249
0.619766
0.078444
0.759746
0.494166
0.550805
0.530072
0.000028
0.000465
0.913776
0.027935
0.000000
0.472288
0.795518
0.676312
0.805406
0.944228
0.137151
0.144807
0.577977
0.161915
0.792479
0.803911
0.151589
0.024793
0.716408
0.053772
0.709983
0.366033
0.934086
0.004419
0.000594
0.737846
0.000000
0.006063
0.353199
0.024977
0.002134
0.075130
0.000003
0.396803
0.330966
0.132438
0.714307
0.404115
0.421928
0.573657
0.323000
0.095396
0.602282
0.000017
0.242377
0.457685
0.000441
0.472721
0.106195
0.593805
0.000221
0.608771
0.000394
0.947408
0.194078
0.004131
0.002027
0.323859
0.303345
0.262646
0.366500
0.911781
0.009264
0.000000
0.150598
0.152920
0.006916
0.328353
0.827178
0.156875
0.000004
0.079272
0.159230
0.003639
0.345589
0.769415
0.959054
0.027935
0.000000
0.001357
0.000002
0.000012
0.001348
0.374217
0.621187
0.000036
0.807535
0.007293
0.493614
0.020786
0.000262
0.256862
0.527231
0.028120
0.932207
0.000041
0.000000
0.183503
0.196122
0.000000
0.011591
0.894704
0.127620
0.000017
0.826767
0.233279
0.968369
0.005408
0.063344
0.652016
0.001147
0.219912
0.000000
0.000119
0.165962
0.374028
0.026266
0.079622
0.405209
0.006281
0.333417
0.000000
0.000000
0.000135
0.000000
0.000013
0.000002
0.308468
0.000097
0.007251
0.178939
0.017515
0.402428
0.098904
0.614443
0.051750
0.001108
0.060279
0.902532
0.000005
0.880282
0.320773
0.004283
0.522244
0.079406
0.591336
0.121772
0.740145
0.005387
0.084694
0.078683
0.344242
0.000000
0.036831
0.074569
0.373365
0.158589
0.185736
0.175806
0.000008
0.048770
0.147331
0.622608
0.000116
0.475105
0.147887
0.928367
0.015823
0.842120
0.001258
0.008837
0.006177
0.037179
0.000350
0.000649
0.000000
0.001607
0.068056
0.011762
0.000474
0.000000
0.295132
0.013240
0.028600
0.718156
0.002975
0.451952
0.788445
0.000028
0.072363
0.239406
0.000220
0.043636
0.221007
0.000000
0.084467
0.741408
0.009546
0.177421
0.938790
0.000792
0.257953
0.398476
0.005942
0.000007
0.000003
0.977186
0.013149
0.000259
0.547350
0.324031
0.000000
0.039216
0.180468
0.029539
0.315928
0.075901
0.002460
0.151826
0.001534
0.000049
0.001928
0.038406
0.000737
0.260438
0.344242
0.000005
0.440287
0.503713
0.000000
0.541952
0.395036
0.192975
0.000000
0.167604
0.045380
0.342809
0.000000
0.000087
0.201880
0.940822
0.000000
0.000240
0.959361
0.000000
0.137456
0.346039
0.027264
0.000000
0.000018
0.035126
0.000000
0.744961
0.113253
0.630190
0.002222
0.255992
0.008157
0.000000
0.000002
0.001534
0.000000
0.468939
0.137238
0.000000
0.176289
0.815035
0.000000
0.008872
0.000000
0.059136
0.060300
0.000000
0.588284
0.000000
0.439869
0.539316
0.000267
0.102391
0.323945
0.622963
0.000285
0.002665
0.171454
0.600985
0.013332
0.009096
0.954938
0.003752
0.036858
0.000184
0.005430
0.815035
0.954830
0.793674
0.035768
0.048340
0.994873
0.145904
0.588753
0.000005
0.085870
0.983254
0.255341
0.000000
0.000647
0.164485
0.000000
0.953296
0.000000
0.000000
0.000000
0.983878
0.000000
0.776102
0.013863
0.243072
0.000000
0.298284
0.000002
0.036579
0.000030
0.093636
0.002573
0.233616
0.003956
0.000000
0.846073
0.000000
0.073183
0.332190
0.000000
0.793674
0.000000
0.004428
0.000000
0.000000
0.028297
0.973253
0.000021
0.662809
0.000003
0.000000
0.623200
0.668735
0.000000
0.000094
0.006219
0.065617
0.000000
0.534972
0.496601
0.000000
0.012528
0.180742
0.818592
0.000000
0.407202
0.510195
0.398968
0.130718
0.607000
0.919184
0.000199
0.762567
0.073861
0.154117
0.000000
0.305404
0.639796
0.000412
0.000000
0.560980
0.588753
0.000000
0.000000
0.000000
0.000000
0.000397
0.000145
0.000000
0.000000
0.184952
0.000000
0.036978
0.000000
0.000000
0.009160
0.005523
0.000000
0.000319
0.071600
0.000000
0.146916
0.000052
0.000000
0.000000
0.000000
0.000000
0.000000
0.000001
0.000000
0.001532
0.000000
0.090204
0.001096
0.000000
0.000000
0.000000
0.000000
0.086419
0.004225
0.000000
0.000001
0.041342
0.000000
0.025996
0.000000
0.000000
0.006529
0.000000
0.327226
0.000000
0.297150
0.001339
0.000000
0.000000
0.000054
0.000005
0.000000
0.000000
0.000000
0.025957
0.060826
0.000223
0.029658
0.000000
0.000177
0.006835
0.000692
0.251819
0.000000
0.015215
0.000002
0.000001
0.003006
0.000606
0.007685
0.000000
0.000001
0.001525
0.000000
0.000000
0.000125
0.000015
0.000000
0.071429
0.000000
0.000000
0.000000
0.002176
0.000000
0.140890
0.000000
0.004216
0.000000
0.001177
0.000000
0.000000
0.000000
0.000000
0.000000
0.000000
0.000000
0.000000
0.003739
0.000000
0.000002
0.000255
0.000000
0.090446
0.000000
0.000468
0.000116
0.000000
0.000057
0.010202
0.000000
0.000000
0.000000
0.000000
0.001542
0.000000
0.000000
0.000000
0.000374
0.001081
0.000000
0.093917
0.004316
0.000000
0.008061
0.000048
0.109156
0.000000
0.263903
0.000000
0.000000
0.000941
0.000015
0.000021
0.000000
0.000216
0.000671
0.009955
0.000000
0.032367
0.000000
0.000000
0.000000
0.000000
0.007685
0.000334
0.090114
0.633747
0.000016
0.027658
0.195361
0.000006
0.000000
0.767623
0.000135
0.007846
0.000004
0.458111
0.576108
0.751126
0.004929
0.500151
0.004557
0.000732
0.390252
0.018867
0.652610
0.000000
0.402825
0.080298
0.001481
0.000995
0.619766
0.000203
0.023301
0.000009
0.451952
0.000000
0.007840
0.035432
0.000003
0.731040
0.200025
0.000000
0.149331
0.000095
0.000000
0.985903
0.000544
0.000007
0.000186
0.022084
0.162517
0.000000
0.014719
0.051116
0.000016
0.005454
0.000000
0.137499
0.015878
0.165298
0.000507
0.462491
0.001435
0.749873
0.977475
0.115220
0.970492
0.903259
0.000418
0.000762
0.000000
0.000000
0.000000
0.047122
0.000002
0.000000
0.100452
0.000334
0.000000
0.053980
0.685530
0.948523
0.602517
0.295213
0.012167
0.000231
0.021210
0.000000
0.015379
0.102628
0.000000
0.020615
0.000685
0.015478
0.011225
0.199430
0.000000
0.006068
0.000000
0.230596
0.049640
0.654508
0.000000
0.000000
0.673827
0.013014
0.546890
0.529162
0.000000
0.954394
0.002158
0.001933
0.508404
0.106999
0.002619
0.156534
0.000002
0.035522
0.005086
0.000155
0.607000
0.000065
0.000000
0.000046
0.361196
0.101819
0.000021
0.908982
0.468723
0.000000
0.066025
0.154839
0.004603
0.000362
0.786474
0.000871
0.139870
0.004021
0.053320
0.469263
0.000000
0.665891
0.329658
0.070966
0.000000
0.393763
0.282532
0.001046
0.000000
0.016287
0.100452
0.000000
0.000013
0.014826
0.000000
0.000000
0.116498
0.000003
0.000000
0.018584
0.000907
0.000003
0.000000
0.000006
0.486127
0.034369
0.000000
0.000023
0.000000
0.000000
0.000000
0.000000
0.580784
0.000000
0.000000
0.000018
0.000000
0.000000
0.007029
0.000000
0.000000
0.000000
0.000008
0.000000
0.000003
0.000000
0.000000
0.000000
0.000167
0.000000
0.000000
0.000759
0.000000
0.941261
0.000000
0.000000
0.000023
0.000000
0.025042
0.000000
0.000000
0.000030
0.000000
0.000009
0.000000
0.000913
0.000000
0.000000
0.000422
0.000000
0.001871
0.368373
0.000044
0.126075
0.063894
0.000000
0.000326
0.001384
0.000000
0.000099
0.000000
0.000000
0.000001
0.000000
0.001209
0.000000
0.000000
0.000000
0.035330
0.019715
0.025510
0.063828
0.000000
0.000284
0.000000
0.000000
0.000000
0.000000
0.000000
0.010393
0.000000
0.000000
0.000000
0.000270
0.000000
0.000000
0.000000
0.000061
0.000000
0.115332
0.000000
0.000000
0.001627
0.000000
0.001668
0.002147
0.000000
0.002675
0.000000
0.003521
0.340311
0.000000
0.000000
0.014496
0.000000
0.031332
0.000002
0.000000
0.000547
0.000004
0.000000
0.000000
0.000004
0.000569
0.000000
0.000230
0.134691
0.000000
0.028141
0.000000
0.128194
0.000000
0.000047
0.000019
0.000000
0.234765
0.000031
0.000114
0.000000
0.036991
0.000001
0.000012
0.000000
0.000014
0.067799
0.000000
0.000000
0.000422
0.001209
0.000000
0.000000
0.031979
0.000000
0.033763
0.608535
0.000318
0.000000
0.000000
0.311052
0.000000
0.000000
0.000000
0.053847
0.217925
0.000000
0.000000
0.918814
0.000000
0.000171
0.000000
0.248404
0.000000
0.000000
0.000000
0.000000
0.412714
0.001135
0.000323
0.000000
0.229995
0.000000
0.000000
0.132861
0.000000
0.000000
0.681041
0.000000
0.000000
0.026150
0.584883
0.000000
0.548846
0.000000
0.000000
0.008731
0.000000
0.000000
0.000000
0.027883
0.000000
0.000000
0.000001
0.522810
0.722694
0.000000
0.000036
0.163322
0.000000
0.000000
0.370157
0.000000
0.024041
0.056455
0.000000
0.000004
0.000015
0.001278
0.000000
0.000006
0.000000
0.060573
0.028949
0.002509
0.000000
0.024701
0.609952
0.000000
0.005449
0.000000
0.000023
0.000000
0.000000
0.000000
0.000149
0.000000
0.000030
0.000000
0.928506
0.000000
0.000056
0.000000
0.418472
0.000000
0.000000
0.000000
0.000000
0.000000
0.007973
0.749987
0.000000
0.000042
0.000000
0.166218
0.000000
0.000000
0.000251
0.000000
0.000000
0.000719
0.000000
0.000007
0.558546
0.000000
0.000000
0.000000
0.000000
0.000014
0.000000
0.000000
0.000000
0.004956
0.415032
0.000000
0.001055
0.000001
0.000000
0.005156
0.002689
0.507509
0.000000
0.000000
0.000677
0.000000
0.625332
0.000000
0.000001
0.000000
0.000000
0.000000
0.000000
0.000000
0.000001
0.000000
0.173619
0.000000
0.845384
0.002509
0.000000
0.000000
0.000000
0.000000
0.000000
0.000000
0.000000
0.000000
0.000000
0.000002
0.000000
0.000000
0.000000
0.000000
0.000001
0.000000
0.000000
0.000001
0.000000
0.000000
0.000000
0.000028
0.000000
0.000000
0.000000
0.000000
0.000025
0.000000
0.000001
0.000000
0.000000
0.000000
0.000000
0.000000
0.000000
0.000000
0.000000
0.000000
0.000000
0.000018
0.000003
0.000000
0.000000
0.000000
0.000000
0.000000
0.000000
0.000000
0.000000
0.000000
0.000000
0.000000
0.000000
0.000005
0.000000
0.000000
0.000000
0.000000
0.000000
0.000000
0.000000
0.000000
0.000000
0.000000
0.000000
0.000000
0.000000
0.000000
0.000000
0.000000
0.000000
0.000000
0.000000
0.000000
0.000000
0.000000
0.000000
0.000000
0.000000
0.000000
0.000000
0.000000
0.000000
0.000000
0.000000
0.000000
0.000000
0.000000
0.000508
0.000000
0.000000
0.000000
0.000010
0.000000
0.000000
0.000000
0.000000
0.000000
0.000000
0.000413
0.000000
0.000000
0.000000
0.000000
0.000000
0.000000
0.000000
0.000000
0.000000
0.000000
0.000000
0.000002
0.000150
0.000000
0.000000
0.000000
0.000000
0.000000
0.000000
0.000000
0.000000
0.000000
0.000000
0.000000
0.000000
0.000000
0.000000
0.000000
0.000000
0.000000
0.000000
0.000000
0.000005
0.000000
0.000004
0.000000
0.000006
0.000000
0.000000
0.000000
0.000000
0.000000
0.000000
0.000000
0.000221
0.000000
0.000000
0.000000
0.000015
0.021386
0.557389
0.871445
0.896791
0.938341
0.240094
0.975514
0.326274
0.888501
0.252463
0.300399
0.408301
0.636000
0.605466
0.890644
0.894620
0.162768
0.638728
0.289774
0.596510
0.626517
0.482513
0.536000
0.676903
0.598629
0.388697
0.295293
0.470774
0.911549
0.730578
0.691074
0.248263
0.581603
0.278576
0.612433
0.455557
0.987361
0.012069
0.707408
0.842219
0.372325
0.257516
0.988245
0.811350
0.569927
0.606528
0.855884
0.974164
0.058135
0.420910
0.971249
0.038516
0.495604
0.407802
0.349743
0.397294
0.950085
0.863380
0.798758
0.830347
0.818592
0.769415
0.041164
0.757144
0.435708
0.575641
0.316182
0.160319
0.445731
0.564461
0.430331
0.882845
0.780863
0.000015
0.753855
0.988601
0.918295
0.422336
0.196005
0.544591
0.144944
0.007880
0.466355
0.336410
0.820778
0.415234
0.279271
0.362030
0.370157
0.111133
0.973373
0.974903
0.463777
0.579731
0.621069
0.006557
0.244816
0.481092
0.949394
0.988765
0.993757
0.953902
0.603461
0.736349
0.047223
0.819218
0.893358
0.425811
0.504605
0.954938
0.177313
0.761214
0.725133
0.577159
0.736810
0.230062
0.855692
0.862910
0.682105
0.452799
0.724204
0.997708
0.025986
0.973612
0.473371
0.972037
0.850670
0.270108
0.046722
0.768072
0.699665
0.456514
0.581252
0.129595
0.552074
0.496822
0.070868
0.468723
0.866463
0.231398
0.036237
0.373555
0.818801
0.654626
0.551036
0.792588
0.780863
0.000000
0.000306
0.018789
0.248971
0.128112
0.965836
0.149611
0.566436
0.634814
0.945199
0.014157
0.099363
0.136413
0.065889
0.517276
0.333505
0.620713
0.337736
0.012673
0.703187
0.003399
0.428376
0.542410
0.310133
0.715591
0.602989
0.403519
0.920582
0.594981
0.218820
0.832787
0.764255
0.005187
0.102729
0.037638
0.652847
0.667669
0.412312
0.003244
0.938469
0.184282
0.159033
0.095840
0.051859
0.696843
0.286766
0.535543
0.558431
0.840329
0.496158
0.055631
0.108055
0.107209
0.190728
0.266134
0.345859
0.128399
0.568879
0.229197
0.354203
0.391323
0.270334
0.716874
0.001363
0.132607
0.786912
0.619766
0.907804
0.674300
0.221783
0.200204
0.309300
0.232875
0.741523
0.000000
0.753969
0.122087
0.378019
0.843310
0.067103
0.298203
0.007764
0.000868
0.076993
0.870161
0.385697
0.626517
0.130218
0.576108
0.009994
0.020423
0.222302
0.998780
0.068385
0.224582
0.527799
0.000259
0.263089
0.449310
0.988460
0.821504
0.844398
0.302279
0.007412
0.176989
0.009001
0.562139
0.031024
0.113032
0.952574
0.365006
0.533033
0.516037
0.656643
0.279658
0.951282
0.180413
0.966205
0.421928
0.336763
0.089394
0.015361
0.950200
0.128605
0.269204
0.178993
0.956812
0.290330
0.047458
0.335352
0.433946
0.936003
0.761101
0.061570
0.851544
0.160767
0.004651
0.086681
0.681514
0.971872
0.192802
0.022787
0.108978
0.102797
0.998571
0.048135
0.982647
0.741523
0.000001
0.001463
0.636475
0.045251
0.806471
0.992181
0.187369
0.285822
0.369029
0.556348
0.511317
0.567367
0.220233
0.854731
0.890217
0.945018
0.964574
0.362866
0.848720
0.566436
0.015094
0.203688
0.203326
0.956812
0.527117
0.929751
0.757824
0.278885
0.800803
0.812194
0.196181
0.710919
0.607826
0.022812
0.642287
0.490084
0.925770
0.620950
0.122441
0.806152
0.927320
0.546085
0.223016
0.634459
0.158934
0.966754
0.275962
0.826151
0.330966
0.840927
0.045591
0.877516
0.935937
0.581954
0.804338
0.068033
0.029975
0.055282
0.577042
0.247345
0.740375
0.978331
0.910542
0.476300
0.968721
0.489093
0.752036
0.826767
0.538858
0.305074
0.742785
0.982493
0.060552
0.737155
0.000001
0.875265
0.419284
0.859984
0.442900
0.091356
0.616690
0.073208
0.492509
0.618701
0.900499
0.081915
0.229662
0.945139
0.909373
0.528253
0.579380
0.749303
0.265463
0.657355
0.805832
0.409903
0.069330
0.449944
0.992088
0.647033
0.073634
0.819946
0.455664
0.729305
0.885471
0.087440
0.439140
0.028317
0.627583
0.413318
0.939556
0.902613
0.714774
0.851350
0.184728
0.481420
0.625095
0.997568
0.426938
0.990635
0.189356
0.342541
0.913241
0.388892
0.969636
0.902613
0.927250
0.269581
0.955639
0.556116
0.513787
0.616927
0.983907
0.778431
0.059550
0.422846
0.218820
0.619411
0.695549
0.257807
0.843310
0.346399
0.270184
0.772765
0.271165
0.880814
0.992327
0.737155
