0.415999
0.250290
0.874537
0.179631
0.617704
0.298859
0.881308
0.494036
0.883949
0.261279
0.450902
0.371471
0.979344
0.713878
0.484066
0.723487
0.965398
0.331649
0.300487
0.772662
0.979301
0.169244
0.747256
0.951731
0.517481
0.387541
0.410963
0.252611
0.044104
0.460133
0.736358
0.275632
0.556544
0.258669
0.870317
0.631696
0.234373
0.901585
0.775513
0.577840
0.487013
0.831411
0.812440
0.742607
0.116458
0.772662
0.503819
0.899595
0.318233
0.262384
0.343655
0.870432
0.876961
0.021804
0.746328
0.763842
0.742464
0.338086
0.455937
0.737149
0.159858
0.214015
0.934672
0.229011
0.372474
0.020198
0.557629
0.784973
0.730876
0.352123
0.894983
0.793438
0.628955
0.744469
0.415999
0.633771
0.405528
0.385306
0.482972
0.876849
0.328002
0.291711
0.577986
0.493415
0.152305
0.928780
0.205804
0.874876
0.457267
0.205309
0.797094
0.434032
0.630214
0.662092
0.462874
0.218857
0.877691
0.917668
0.840411
0.966208
0.418720
0.293160
0.973371
0.123428
0.715921
0.020759
0.166920
0.529441
0.419736
0.514737
0.664981
0.131123
0.539067
0.093623
0.298402
0.353719
0.854739
0.780499
0.337256
0.536708
0.458532
0.712126
0.070510
0.556038
0.306287
0.633771
0.564731
0.087702
0.274390
0.469594
0.862235
0.220585
0.857494
0.643408
0.276351
0.028775
0.840411
0.192192
0.153677
0.010182
0.978500
0.552933
0.724938
0.158010
0.850810
0.230926
0.334280
0.744469
0.231637
0.892244
0.932119
0.548394
0.221028
0.722543
0.875498
0.299927
0.700701
0.525183
0.226160
0.990347
0.954874
0.134855
0.468718
0.100454
0.623845
0.493139
0.025959
0.127480
0.347082
0.979621
0.746185
0.855399
0.399210
0.625918
0.678154
0.700995
0.567055
0.033102
0.053441
0.482562
0.868185
0.506679
0.528375
0.149182
0.187550
0.614526
0.087702
0.177560
0.101767
0.272203
0.870432
0.872776
0.513823
0.112805
0.837159
0.229925
0.661425
0.674309
0.594695
0.609356
0.757139
0.743825
0.855279
0.551996
0.601834
0.828351
0.566111
0.129485
0.229301
0.355205
0.041476
0.363977
0.286900
0.094719
0.279673
0.449186
0.255626
0.510806
0.930460
0.913658
0.182516
0.315692
0.231093
0.453482
0.791807
0.456668
0.562844
0.367009
0.551203
0.780637
0.127149
0.005303
0.250646
0.664463
0.588454
0.186105
0.388571
0.429129
0.856059
0.846965
0.711176
0.641184
0.985068
0.611127
0.376860
0.807543
0.464952
0.879143
0.140777
0.057094
0.676527
0.668980
0.458133
0.721744
0.821914
0.230217
0.845921
0.749254
0.386211
0.440790
0.659498
0.263770
0.874027
0.800596
0.350021
0.227933
0.321913
0.811582
0.855159
0.481060
0.266605
0.717014
0.043199
0.425217
0.961150
0.280545
0.349511
0.759260
0.811714
0.310025
0.496734
0.704369
0.174141
0.111822
0.476498
0.758341
0.983869
0.342592
0.428294
0.521291
0.608248
0.921947
0.125176
0.754800
0.781396
0.315692
0.650008
0.487906
0.621551
0.954057
0.723342
0.401742
0.225545
0.976147
0.340028
0.981970
0.259491
0.230926
0.633474
0.672681
0.244734
0.908625
0.050270
0.372238
0.696220
0.921355
0.095192
0.685834
0.248560
0.067621
0.100786
0.177932
0.283368
0.446619
0.750038
0.568509
0.928693
0.272630
0.001765
0.552140
0.860701
0.101099
0.258487
0.303608
0.044085
0.245215
0.611940
0.612752
0.797364
0.166727
0.713878
0.496872
0.112370
0.548251
0.617556
0.228928
0.233275
0.071727
0.767071
0.479900
0.661944
0.053948
0.440399
0.808539
0.393746
0.556978
0.272535
0.929816
0.113011
0.345731
0.311226
0.022649
0.917154
0.670609
0.951024
0.101140
0.245960
0.030618
0.869570
0.337035
0.650008
0.850020
0.307530
0.047366
0.910965
0.377633
0.264558
0.877579
0.199256
0.054185
0.106080
0.460868
0.924780
0.608248
0.550122
0.773567
0.797094
0.461001
0.066955
0.966580
0.643408
0.580983
0.998669
0.069624
0.633771
0.482699
0.542648
0.206950
0.524545
0.453615
0.305410
0.902245
0.811846
0.208640
0.546381
0.044708
0.698131
0.234288
0.744612
0.280303
0.876961
0.267213
0.455207
0.400012
0.487768
0.649044
0.545591
0.583544
0.798241
0.268008
0.990517
0.653567
0.996742
0.225258
0.599919
0.475005
0.274486
0.577036
0.982185
0.189931
0.731815
0.630585
0.060511
0.103606
0.504097
0.925359
0.797971
0.485505
0.138925
0.006202
0.929816
0.724938
0.521786
0.337035
0.594842
0.547459
0.348041
0.269041
0.139145
0.924780
0.699233
0.202020
0.587354
0.341364
0.245215
0.895087
0.613565
0.248339
0.334500
0.422025
0.415304
0.290018
0.192120
0.089314
0.708471
0.629251
0.483724
0.385849
0.710372
0.218217
0.790786
0.533640
0.842834
0.631177
0.444191
0.046152
0.370706
0.843639
0.711176
0.281370
0.190181
0.775861
0.661129
0.232644
0.911883
0.478538
0.892932
0.279915
0.235771
0.305513
0.748327
0.210964
0.591316
0.946217
0.227231
0.648080
0.525325
0.990660
0.088867
0.620441
0.214881
0.760178
0.133123
0.406337
0.298859
0.060472
0.726823
0.582739
0.022717
0.951024
0.424130
0.938386
0.629770
0.051742
0.166439
0.446882
0.918458
0.699233
0.594842
0.064309
0.808539
0.203980
0.764474
0.579593
0.489831
0.911256
0.742894
0.359804
0.048406
0.760672
0.449648
0.639553
0.570401
0.606699
0.290117
0.865806
0.326215
0.873402
0.247985
0.720799
0.168888
0.688710
0.310025
0.913036
0.240220
0.312377
0.380499
0.001962
0.982399
0.409334
0.984377
0.279045
0.874876
0.337367
0.322395
0.577840
0.650824
0.019069
0.087942
0.952780
0.955010
0.014356
0.894983
0.461469
0.433449
0.043324
0.383078
0.575941
0.825721
0.372592
0.276974
0.594328
0.888185
0.391610
0.185404
0.514456
0.404968
0.856956
0.682291
0.982399
0.346350
0.687088
0.364617
0.917854
0.436689
0.183521
0.443601
0.246927
0.454344
0.520373
0.374663
0.699233
0.093779
0.856956
0.031419
0.086679
0.355835
0.675566
0.297946
0.017230
0.245478
0.319936
0.466228
0.225258
0.954637
0.166984
0.678967
0.842834
0.289125
0.011285
0.370706
0.048588
0.003530
0.674457
0.497634
0.950953
0.771476
0.275919
0.032505
0.675270
0.111731
0.026352
0.298960
0.232099
0.903557
0.055774
0.790309
0.346237
0.444191
0.685981
0.027004
0.873402
0.424705
0.470337
0.818404
0.629918
0.141976
0.270265
0.166984
0.959512
0.838663
0.584496
0.089426
0.732753
0.098543
0.977388
0.598520
0.194402
0.007714
0.211899
0.722252
0.735926
0.337146
0.064253
0.521645
0.364500
0.091732
0.059650
0.639256
0.484340
0.140166
0.855519
0.450176
0.324705
0.313637
0.729646
0.093779
0.304946
0.423428
0.283172
0.866039
0.679115
0.888991
0.468853
0.562481
0.629918
0.668832
0.940377
0.708324
0.023579
0.069594
0.102230
0.558569
0.374189
0.018217
0.730876
0.235389
0.762645
0.331322
0.685834
0.746471
0.874027
0.624289
0.841220
0.116600
0.147294
0.964695
0.642444
0.212485
0.596901
0.104589
0.809401
0.572004
0.535495
0.062445
0.144999
0.515018
0.569455
0.655792
0.054209
0.224480
0.100185
0.404036
0.014612
0.923032
0.021023
0.921355
0.659350
0.745399
0.086825
0.205461
0.994233
0.232897
0.549186
0.355606
0.189859
0.005300
0.991609
0.589261
0.487288
0.746471
0.224807
0.942412
0.868820
0.333073
0.673347
0.311592
0.893618
0.244734
0.729646
0.681996
0.322502
0.238887
0.360324
0.901382
0.249313
0.271919
0.643928
0.452754
0.988111
0.869800
0.303044
0.647932
0.288629
0.299062
0.562336
0.132938
0.278129
0.664833
0.321805
0.544011
0.919568
0.900362
0.089632
0.671423
0.373656
0.414484
0.859931
0.048663
0.955010
0.503819
0.772522
0.676380
0.414926
0.591022
0.726316
0.377633
0.112415
0.451166
0.770569
0.328599
0.829054
0.087739
0.140832
0.358824
0.797094
0.481537
0.177357
0.250112
0.222444
0.686793
0.391488
0.908527
0.459266
0.627992
0.323092
0.960336
0.836468
0.677193
0.391367
0.036982
0.604929
0.028400
0.784218
0.264372
0.606183
0.715775
0.544801
0.550410
0.310233
0.961677
0.831665
0.678006
0.185019
0.681996
0.042453
0.141306
0.125000
0.856837
0.885260
0.559366
0.847639
0.995650
0.006222
0.720653
0.974015
0.444322
0.100454
0.668018
0.938225
0.781396
0.816968
0.728995
0.513683
0.671571
0.075030
0.330122
0.365608
0.314531
0.001477
0.904210
0.953162
0.815004
0.713221
0.385306
0.426754
0.270878
0.664833
0.705615
0.979853
0.877691
0.104118
0.726968
0.898360
0.975536
0.136254
0.898927
0.235219
0.747399
0.766300
0.006293
0.479151
0.904210
0.642296
0.870432
0.256532
0.595136
0.996321
0.580983
0.127710
0.953231
0.622513
0.096085
0.602349
0.270878
0.398655
0.345618
0.185264
0.210730
0.131228
0.742105
0.464348
0.985259
0.673495
0.848556
0.615634
0.712272
0.214015
0.651936
0.415557
0.209877
0.715118
0.600434
0.220061
0.124775
0.794727
0.079911
0.004081
0.264372
0.176414
0.293160
0.217618
0.598005
0.548251
0.547172
0.420816
0.562336
0.953610
0.915415
0.049510
0.328110
0.595651
0.010432
0.602791
0.151415
0.266886
0.395215
0.623031
0.874027
0.236962
0.471214
0.381517
0.908527
0.315797
0.657126
0.723197
0.607584
0.664981
0.843639
0.623327
0.045319
0.735277
0.145913
0.360208
0.546668
0.780361
0.361423
0.190718
0.717669
0.288728
0.277599
0.792555
0.418593
0.465221
0.197812
0.519808
0.549474
0.374544
0.527949
0.670461
0.739809
0.315006
0.464751
0.487768
0.436430
0.545591
0.230717
0.705469
0.443078
0.428551
0.229634
0.828926
0.651936
0.589114
0.573534
0.007892
0.546237
0.227851
0.199814
0.286162
0.895192
0.433902
0.972388
0.839038
0.298503
0.902447
0.754659
0.189075
0.676897
0.327893
0.960399
0.935210
0.840660
0.385426
0.679410
0.474734
0.105993
0.360324
0.308308
0.081342
0.760037
0.326485
0.978258
0.158409
0.019213
0.592932
0.190467
0.332032
0.383860
0.248162
0.399210
0.820941
0.545160
0.691731
0.743395
0.923617
0.574336
0.302941
0.265580
0.567201
0.014678
0.943836
0.067868
0.118622
0.966266
0.423172
0.775097
0.428294
0.018674
0.207027
0.381757
0.503958
0.489556
0.385064
0.455804
0.903658
0.594842
0.163389
0.055958
0.397732
0.482699
0.264280
0.735421
0.411339
0.059236
0.828926
0.179120
0.588160
0.758977
0.589407
0.095846
0.779601
0.748969
0.462606
0.658090
0.638960
0.656755
0.700701
0.836342
0.272203
0.831665
0.342704
0.738875
0.148425
0.631696
0.425793
0.416252
0.768892
0.858149
0.863117
0.206797
0.921947
0.342089
0.418086
0.320043
0.242946
0.143438
0.493898
0.882412
0.182550
0.270595
0.815856
0.625104
0.270973
0.874763
0.106931
0.317067
0.585155
0.046761
0.376978
0.191112
0.408209
0.998173
0.705762
0.693203
0.260453
0.307737
0.147410
0.153737
0.630881
0.606847
0.762927
0.899492
0.058314
0.954942
0.646300
0.247765
0.202998
0.574628
0.738372
0.229301
0.702756
0.327622
0.767982
0.233823
0.362582
0.484340
0.751888
0.859279
0.269746
0.179120
0.757563
0.596607
0.909799
0.345394
0.548107
0.278032
0.814413
0.818991
0.579082
0.471485
0.639405
0.682808
0.495972
0.126818
0.705469
0.488662
0.879644
0.532215
0.964370
0.820941
0.455672
0.562844
0.595945
0.252522
0.989096
0.807676
0.980930
0.735133
0.382597
0.857494
0.033534
0.779463
0.612752
0.589261
0.057243
0.747542
0.450506
0.777940
0.293160
0.366892
0.954057
0.861587
0.994456
0.051810
0.427202
0.598667
0.461870
0.830711
0.434290
0.142228
0.596901
0.510806
0.257985
0.291861
0.336428
0.914610
0.511858
0.617556
0.247103
0.678154
0.032638
0.105235
0.172848
0.383619
0.390150
0.268430
0.830839
0.705615
0.149065
0.738228
0.897792
0.452754
0.269746
0.893828
0.174740
0.704662
0.301610
0.163452
0.445175
0.169797
0.072266
0.402547
0.095787
0.554016
0.873175
0.118622
0.073574
0.395338
0.002437
0.644076
0.900362
0.411591
0.953679
0.252387
0.283368
0.216624
0.959160
0.964311
0.785248
0.530721
0.085307
0.139393
0.058569
0.649193
0.164273
0.132436
0.127864
0.418593
0.983462
0.335490
0.786619
0.390150
0.700848
0.764896
0.278563
0.683915
0.195753
0.710372
0.152960
0.707665
0.259080
0.207448
0.263169
0.205880
0.117239
0.812440
0.739306
0.584789
0.547315
0.506818
0.316273
0.824176
0.985483
0.564077
0.267119
0.610980
0.493553
0.291511
0.926508
0.894301
0.717378
0.047052
0.210886
0.813427
0.259080
0.598667
0.333950
0.893828
0.175877
0.233023
0.850689
0.412847
0.227603
0.496734
0.717961
0.656459
0.404160
0.776416
0.203829
0.431770
0.980126
0.912509
0.290665
0.206950
0.577840
0.953610
0.949629
0.977680
0.613196
0.669795
0.419672
0.265487
0.457666
0.455339
0.261969
0.146602
0.000420
0.300385
0.711322
0.615486
0.843515
0.733547
0.145656
0.595651
0.414610
0.387783
0.619331
0.706421
0.910965
0.722688
0.719708
0.294666
0.206223
0.304276
0.547459
0.817556
0.027526
0.298301
0.832363
0.973046
0.320736
0.973096
0.200298
0.163957
0.206720
0.500479
0.893038
0.918365
0.689373
0.918365
0.761871
0.475005
0.723995
0.862352
0.392159
0.194147
0.901585
0.250869
0.606847
0.055047
0.333950
0.375968
0.342816
0.430674
0.247676
0.090421
0.225873
0.489556
0.888991
0.182239
0.399087
0.210886
0.019509
0.868070
0.591977
0.255626
0.079321
0.140471
0.284983
0.559511
0.067999
0.678154
0.162319
0.422726
0.876849
0.687751
0.791195
0.893143
0.741818
0.243425
0.955449
0.118001
0.321591
0.873402
0.764474
0.852931
0.044469
0.115494
0.468449
0.900822
0.679262
0.266699
0.506679
0.231010
0.752031
0.029429
0.529156
0.829309
0.733691
0.324920
0.620589
0.070374
0.586254
0.963083
0.944332
0.549330
0.628140
0.454211
0.837849
0.259582
0.030878
0.796351
0.552645
0.668536
0.693645
0.023617
0.278852
0.501104
0.078952
0.970807
0.966950
0.027349
0.466363
0.323898
0.475751
0.375968
0.465825
0.386513
0.496734
0.825142
0.409584
0.010455
0.941321
0.527949
0.735565
0.124524
0.926904
0.862235
0.045866
0.588600
0.061919
0.902346
0.182689
0.434873
0.879032
0.489418
0.890170
0.972107
0.516284
0.513542
0.522422
0.295219
0.894878
0.256215
0.425665
0.574482
0.021058
0.089519
0.057169
0.333566
0.965776
0.766159
0.831538
0.525466
0.150972
0.341253
0.412156
0.196119
0.538281
0.801468
0.458399
0.667722
0.756502
0.403353
0.269746
0.229551
0.660980
0.903557
0.705762
0.712126
0.336649
0.878920
0.949629
0.405528
0.201195
0.024364
0.943989
0.701656
0.759260
0.748327
0.868301
0.693498
0.355835
0.450902
0.582592
0.353205
0.975583
0.813559
0.475751
0.099341
0.582592
0.325513
0.063535
0.881197
0.894983
0.116293
0.714024
0.235219
0.718762
0.373242
0.601392
0.626214
0.089557
0.767351
0.794591
0.380619
0.387420
0.270453
0.215909
0.178000
0.184112
0.902902
0.559221
0.119127
0.077018
0.629621
0.842958
0.946292
0.998834
0.906257
0.193929
0.176112
0.690478
0.815135
0.319137
0.868936
0.682808
0.267915
0.062202
0.476362
0.245522
0.929816
0.888293
0.237517
0.902143
0.041877
0.116860
0.951484
0.962354
0.029761
0.883346
0.531147
0.273628
0.248472
0.101767
0.360440
0.037529
0.994355
0.126260
0.990967
0.225094
0.472972
0.095787
0.600729
0.134561
0.129097
0.766300
0.408646
0.843886
0.664018
0.285621
0.354233
0.644892
0.099341
0.131463
0.146602
0.982726
0.444060
0.266186
0.722543
0.373124
0.547963
0.250958
0.361076
0.771616
0.829181
0.381397
0.205537
0.484614
0.175877
0.967627
0.047251
0.153019
0.440660
0.025051
0.281467
0.448330
0.931015
0.993710
0.680075
0.023783
0.965457
0.825850
0.753736
0.789286
0.653864
0.178305
0.286063
0.391367
0.335711
0.197886
0.088755
0.313847
0.284346
0.589554
0.666092
0.057796
0.389360
0.525608
0.648748
0.127429
0.016266
0.256124
0.826813
0.298047
0.800461
0.487768
0.853956
0.776762
0.831411
0.634883
0.829437
0.802340
0.697984
0.549330
0.529299
0.155573
0.977590
0.404968
0.108075
0.710226
0.328816
0.253105
0.628807
0.521786
0.966151
0.644892
0.343655
0.916545
0.776138
0.384522
0.351497
0.816837
0.389117
0.328599
0.076691
0.598005
0.442227
0.179699
0.958742
0.637477
0.557484
0.320096
0.705908
0.230009
0.987167
0.564077
0.375968
0.328707
0.502008
0.679115
0.040240
0.616743
0.140999
0.343431
0.369177
0.749753
0.185334
0.636662
0.393869
0.378170
0.581129
0.583544
0.837159
0.365841
0.893723
0.560017
0.594989
0.237602
0.318658
0.213936
0.813295
0.186386
0.407959
0.502913
0.047303
0.316484
0.102736
0.948213
0.179631
0.732609
0.486259
0.764615
0.212328
0.258487
0.799251
0.325891
0.587354
0.471214
0.169927
0.969064
0.883236
0.296328
0.846044
0.228099
0.669795
0.591169
0.143947
0.623327
0.111731
0.609060
0.343655
0.667055
0.536280
0.419164
0.326702
0.840536
0.679262
0.607953
0.421070
0.744469
0.802340
0.800730
0.433449
0.015118
0.424258
0.364850
0.042510
0.970754
0.125051
0.841904
0.947183
0.996893
0.780361
0.197738
0.548538
0.254859
0.879032
0.552140
0.572587
0.236494
0.048685
0.994214
0.100953
0.689668
0.182620
0.830011
0.066053
0.896548
0.848312
0.296530
0.646152
0.923707
0.924691
0.785865
0.159951
0.323898
0.570401
0.955381
0.782429
0.171563
0.475887
0.886076
0.421516
0.056338
0.427716
0.916028
0.689373
0.477246
0.701656
0.223583
0.321698
0.580178
0.861351
0.078452
0.890383
0.568364
0.885369
0.771616
0.758200
0.704956
0.282343
0.336649
0.435003
0.609060
0.389785
0.371589
0.008170
0.658535
0.206873
0.023171
0.364500
0.331649
0.610980
0.925359
0.708617
0.393502
0.247412
0.801334
0.205385
0.844442
0.929816
0.769171
0.503052
0.507168
0.535780
0.131228
0.318924
0.397732
0.193204
0.172287
0.492380
0.130784
0.220867
0.999062
0.918273
0.874027
0.435846
0.622513
0.338363
0.842834
0.402423
0.061478
0.687899
0.603750
0.173642
0.018303
0.501243
0.939863
0.348776
0.406212
0.428294
0.701802
0.574190
0.504725
0.237133
0.068219
0.696881
0.615339
0.738228
0.398409
0.862235
0.443798
0.293060
0.485367
0.796959
0.204625
0.104011
0.937943
0.265301
0.084291
0.490726
0.248737
0.314531
0.836342
0.932034
0.952327
0.524545
0.077625
0.389785
0.724140
0.638292
0.225258
0.237902
0.079978
0.188471
0.353091
0.149387
0.894406
0.025103
0.023323
0.166279
0.812571
0.326918
0.157948
0.303044
0.865282
0.082066
0.921355
0.227933
0.830584
0.490588
0.865165
0.481060
0.735565
0.962016
0.853051
0.071101
0.853956
0.137911
0.835776
0.562191
0.565965
0.885260
0.057934
0.266092
0.495834
0.761236
0.399210
0.057119
0.134320
0.602349
0.231093
0.929256
0.074632
0.597048
0.414736
0.961212
0.886781
0.013881
0.305513
0.263076
0.788261
0.188471
0.488937
0.984574
0.763701
0.370941
0.319244
0.163325
0.713732
0.048363
0.218777
0.393991
0.950419
0.118407
0.127022
0.727765
0.796486
0.279480
0.590728
0.800730
0.077625
0.315692
0.932034
0.494036
0.663203
0.833441
0.116907
0.697175
0.771616
0.976194
0.439942
0.838225
0.537494
0.766440
0.850020
0.568800
0.757139
0.892456
0.951484
0.004523
0.294364
0.410399
0.598667
0.141194
0.286999
0.809136
0.895767
0.192517
0.554955
0.160478
0.500062
0.660610
0.111685
0.308983
0.087025
0.534995
0.420943
0.165895
0.802474
0.908822
0.816249
0.006758
0.623179
0.435846
0.609060
0.174807
0.692099
0.632956
0.126641
0.681331
0.435716
0.568800
0.075897
0.759119
0.865165
0.044817
0.887376
0.809136
0.087354
0.543078
0.556689
0.111685
0.719417
0.756360
0.966580
0.439095
0.487288
0.165544
0.882632
0.808274
0.621403
0.876849
0.900158
0.269746
0.605224
0.315692
0.169993
0.750038
0.484203
0.091160
0.205956
0.157795
0.713221
0.964695
0.250691
0.108740
0.085612
0.619183
0.159086
0.839850
0.819251
0.341476
0.921446
0.501243
0.767071
0.976796
0.720508
0.477110
0.181481
0.473853
0.270973
0.310912
0.657126
0.555749
0.323790
0.371471
0.026670
0.887484
0.359343
0.505492
0.570693
0.563134
0.658090
0.203905
0.361597
0.782154
0.444191
0.416252
0.285916
0.812703
0.332142
0.128197
0.745256
0.221999
0.970807
0.160013
0.585448
0.003158
0.359573
0.420816
0.177425
0.427587
0.245390
0.206606
0.492104
0.358708
0.863762
0.330122
0.405652
0.144742
0.329033
0.051560
0.188010
0.008945
0.272820
0.699747
0.072839
0.203149
0.605224
0.214802
0.080572
0.677341
0.145284
0.665130
0.539998
0.942257
0.212837
0.483451
0.594181
0.623031
0.881805
0.515651
0.900158
0.095410
0.225791
0.930844
0.607437
0.856298
0.827518
0.611497
0.658535
0.597711
0.738516
0.485093
0.928693
0.156362
0.158532
0.243512
0.442358
0.855279
0.495695
0.711980
0.846044
0.883949
0.646300
0.565166
0.645856
0.547028
0.440073
0.598520
0.451894
0.696073
0.408209
0.142649
0.266372
0.881308
0.112874
0.744612
0.803210
0.054055
0.567855
0.508986
0.028459
0.253598
0.531788
0.464348
0.674457
0.923213
0.591022
0.228845
0.867317
0.970063
0.907888
0.547603
0.597858
0.296328
0.899030
0.509405
0.325513
0.499715
0.726171
0.435716
0.498535
0.214802
0.731959
0.529654
0.805680
0.806679
0.043977
0.054209
0.604708
0.678819
0.124675
0.350021
0.523342
0.044124
0.418340
0.555605
0.138980
0.151475
0.163262
0.417770
0.459399
0.156818
0.068689
0.310912
0.992922
0.414610
0.393991
0.455804
0.310338
0.931950
0.432932
0.525183
0.288085
0.199182
0.608396
0.890863
0.407959
0.281176
0.083497
0.799856
0.344495
0.822626
0.152870
0.762786
0.205880
0.514737
0.108075
0.358305
0.922445
0.938907
0.940377
0.070510
0.036262
0.352749
0.796351
0.100828
0.620589
0.340028
0.285375
0.164495
0.339417
0.984341
0.018979
0.627177
0.094798
0.765528
0.611275
0.321805
0.401062
0.924780
0.003875
0.153348
0.392281
0.737149
0.498535
